0 1.99674e-15 -5 0 -5.74 0
1e-06 187.779 -4.99977 0.000118254 -5.7399 -1e-06
2e-06 531.082 -4.99913 0.000452663 -5.73962 -1e-06
3e-06 975.54 -4.99794 0.00106681 -5.73908 -1e-06
4e-06 1501.67 -4.99612 0.00201186 -5.73825 -1e-06
5e-06 2098.12 -4.99357 0.00333167 -5.73709 -1e-06
6e-06 2757.15 -4.99022 0.00506499 -5.73556 -1e-06
7e-06 3472.99 -4.986 0.00724668 -5.73363 -1e-06
8e-06 4241.1 -4.98085 0.00990841 -5.73127 -1e-06
9e-06 5057.72 -4.9747 0.0130791 -5.72845 -1e-06
1e-05 5919.66 -4.96752 0.0167853 -5.72516 -1e-06
1.1e-05 6824.14 -4.95923 0.0210513 -5.72136 -1e-06
1.2e-05 7768.68 -4.9498 0.0258995 -5.71703 -1e-06
1.3e-05 8751.03 -4.93917 0.03135 -5.71216 -1e-06
1.4e-05 9769.14 -4.92732 0.0374213 -5.70672 -1e-06
1.5e-05 10821.1 -4.91419 0.0441299 -5.70069 -1e-06
1.6e-05 11905 -4.89975 0.0514907 -5.69407 -1e-06
1.7e-05 13019.3 -4.88396 0.0595165 -5.68682 -1e-06
1.8e-05 14162.2 -4.86679 0.0682186 -5.67895 -1e-06
1.9e-05 15332.2 -4.8482 0.0776061 -5.67042 -1e-06
2e-05 16527.7 -4.82818 0.0876867 -5.66124 -1e-06
2.1e-05 17747.2 -4.80669 0.0984659 -5.65138 -1e-06
2.2e-05 18989.3 -4.7837 0.109948 -5.64084 -1e-06
2.3e-05 20252.6 -4.75919 0.122134 -5.62961 -1e-06
2.4e-05 21535.5 -4.73315 0.135024 -5.61767 -1e-06
2.5e-05 22836.8 -4.70555 0.148617 -5.60502 -1e-06
2.6e-05 24155.1 -4.67637 0.162909 -5.59165 -1e-06
2.7e-05 25488.9 -4.6456 0.177893 -5.57755 -1e-06
2.8e-05 26836.9 -4.61322 0.193561 -5.56273 -1e-06
2.9e-05 28197.8 -4.57923 0.209905 -5.54716 -1e-06
3e-05 29570.3 -4.54362 0.22691 -5.53086 -1e-06
3.1e-05 30953.1 -4.50637 0.244564 -5.51381 -1e-06
3.2e-05 32344.8 -4.46749 0.26285 -5.49602 -1e-06
3.3e-05 33744.1 -4.42696 0.281749 -5.47748 -1e-06
3.4e-05 35149.8 -4.38479 0.30124 -5.45819 -1e-06
3.5e-05 36560.6 -4.34099 0.321301 -5.43815 -1e-06
3.6e-05 37975.2 -4.29554 0.341905 -5.41737 -1e-06
3.7e-05 39392.4 -4.24847 0.363026 -5.39585 -1e-06
3.8e-05 40811 -4.19977 0.384634 -5.37358 -1e-06
3.9e-05 42229.7 -4.14946 0.406695 -5.35059 -1e-06
4e-05 43647.3 -4.09756 0.429176 -5.32686 -1e-06
4.1e-05 45062.6 -4.04407 0.45204 -5.3024 -1e-06
4.2e-05 46474.5 -3.98901 0.475247 -5.27723 -1e-06
4.3e-05 47881.9 -3.93241 0.498755 -5.25134 -1e-06
4.4e-05 49283.5 -3.87428 0.522521 -5.22475 -1e-06
4.5e-05 50678.3 -3.81466 0.546498 -5.19747 -1e-06
4.6e-05 52065.3 -3.75356 0.570637 -5.1695 -1e-06
4.7e-05 53443.3 -3.69103 0.594887 -5.14086 -1e-06
4.8e-05 54811.3 -3.6271 0.619194 -5.11156 -1e-06
4.9e-05 56168.4 -3.5618 0.643503 -5.08161 -1e-06
5e-05 57513.5 -3.49517 0.667756 -5.05102 -1e-06
5.1e-05 58845.7 -3.42726 0.691891 -5.01981 -1e-06
5.2e-05 60164.1 -3.35811 0.715847 -4.98799 -1e-06
5.3e-05 61467.9 -3.28777 0.739559 -4.95557 -1e-06
5.4e-05 62756.1 -3.2163 0.762961 -4.92258 -1e-06
5.5e-05 64028 -3.14374 0.785982 -4.88902 -1e-06
5.6e-05 65282.8 -3.07017 0.808554 -4.85492 -1e-06
5.7e-05 66519.8 -2.99563 0.830604 -4.82028 -1e-06
5.8e-05 67738.2 -2.92021 0.852058 -4.78514 -1e-06
5.9e-05 68937.3 -2.84396 0.87284 -4.7495 -1e-06
6e-05 70116.7 -2.76697 0.892875 -4.71338 -1e-06
6.1e-05 71275.6 -2.68931 0.912085 -4.67681 -1e-06
6.2e-05 72413.5 -2.61106 0.930391 -4.6398 -1e-06
6.3e-05 73529.8 -2.53231 0.947714 -4.60237 -1e-06
6.4e-05 74624.2 -2.45314 0.963976 -4.56454 -1e-06
6.5e-05 75696.2 -2.37365 0.979097 -4.52632 -1e-06
6.6e-05 76745.3 -2.29394 0.992998 -4.48775 -1e-06
6.7e-05 77771.2 -2.21411 1.0056 -4.44884 -1e-06
6.8e-05 78773.5 -2.13425 1.01683 -4.4096 -1e-06
6.9e-05 79752 -2.05448 1.02661 -4.37006 -1e-06
7e-05 80706.4 -1.9749 1.03487 -4.33024 -1e-06
7.1e-05 81636.4 -1.89563 1.04153 -4.29015 -1e-06
7.2e-05 82541.9 -1.81678 1.04653 -4.24981 -1e-06
7.3e-05 83422.6 -1.73847 1.04981 -4.20924 -1e-06
7.4e-05 84278.4 -1.66081 1.0513 -4.16846 -1e-06
7.5e-05 85109.1 -1.58393 1.05095 -4.12748 -1e-06
7.6e-05 85914.7 -1.50794 1.04871 -4.08632 -1e-06
7.7e-05 86695.1 -1.43296 1.04453 -4.045 -1e-06
7.8e-05 87450.1 -1.3591 1.03838 -4.00352 -1e-06
7.9e-05 88179.9 -1.28649 1.03022 -3.96191 -1e-06
8e-05 88884.2 -1.21523 1.02003 -3.92017 -1e-06
8.1e-05 89563.1 -1.14544 1.00779 -3.87832 -1e-06
8.2e-05 90216.5 -1.07721 0.993486 -3.83637 -1e-06
8.3e-05 90844.6 -1.01065 0.977121 -3.79433 -1e-06
8.4e-05 91447.2 -0.94586 0.958695 -3.7522 -1e-06
8.5e-05 92024.4 -0.882913 0.938222 -3.71001 -1e-06
8.6e-05 92576.2 -0.821895 0.915721 -3.66774 -1e-06
8.7e-05 93102.6 -0.762876 0.891219 -3.62542 -1e-06
8.8e-05 93603.7 -0.705918 0.86475 -3.58304 -1e-06
8.9e-05 94079.5 -0.651074 0.836356 -3.54062 -1e-06
9e-05 94530.1 -0.598389 0.806082 -3.49816 -1e-06
9.1e-05 94955.5 -0.547894 0.773983 -3.45565 -1e-06
9.2e-05 95355.7 -0.499614 0.740116 -3.41311 -1e-06
9.3e-05 95730.9 -0.453561 0.704545 -3.37055 -1e-06
9.4e-05 96081.1 -0.409736 0.667337 -3.32795 -1e-06
9.5e-05 96406.3 -0.368132 0.628563 -3.28534 -1e-06
9.6e-05 96706.7 -0.328729 0.588296 -3.2427 -1e-06
9.7e-05 96982.4 -0.291498 0.546615 -3.20004 -1e-06
9.8e-05 97233.4 -0.2564 0.503596 -3.15738 -1e-06
9.9e-05 97460 -0.223384 0.459321 -3.1147 -1e-06
0.0001 97662.2 -0.19239 0.413871 -3.07201 -1e-06
0.000101 97840.1 -0.163347 0.367329 -3.02931 -1e-06
0.000102 97994 -0.136175 0.319779 -2.98662 -1e-06
0.000103 98124 -0.110781 0.271305 -2.94393 -1e-06
0.000104 98230.3 -0.0870594 0.221993 -2.90124 -1e-06
0.000105 98313 -0.064892 0.171931 -2.85857 -1e-06
0.000106 98372.4 -0.044143 0.121209 -2.81591 -1e-06
0.000107 98408.7 -0.0246538 0.069922 -2.77326 -1e-06
0.000108 98422.1 -0.00623229 0.0181765 -2.73064 -1e-06
0.00010825 98423.1 -0.00175455 0.00518681 -2.71999 -2.5e-07
0.000108312 98423.2 -0.000649866 0.00193327 -2.71732 -6.25e-08
0.000108332 98423.2 -0.000306858 0.000915625 -2.71649 -1.95313e-08
0.000108344 98423.2 -9.33905e-05 0.000279223 -2.71597 -1.2207e-08
0.000108348 98423.2 -2.8119e-05 8.4344e-05 -2.71581 -3.8147e-09
0.000108367 98420.5 -1.16433e-05 4.64986e-05 -2.71485 -1.90735e-08
0.000108462 98406.4 -1.08865e-05 4.5484e-05 -2.71005 -9.53674e-08
0.000108939 98331.2 -1.08788e-05 4.54787e-05 -2.68602 -4.76837e-07
0.000109939 98151 -1.08772e-05 4.5479e-05 -2.63574 -1e-06
0.000110939 97945.6 -1.08756e-05 4.54794e-05 -2.58556 -1e-06
0.000111939 97715.6 -1.0874e-05 4.54797e-05 -2.5355 -1e-06
0.000112939 97461.6 -1.08724e-05 4.548e-05 -2.48557 -1e-06
0.000113939 97184.1 -1.08708e-05 4.54803e-05 -2.43578 -1e-06
0.000114939 96883.8 -1.08692e-05 4.54806e-05 -2.38615 -1e-06
0.000115939 96561.3 -1.08676e-05 4.54809e-05 -2.33668 -1e-06
0.000116939 96217.1 -1.0866e-05 4.54812e-05 -2.28738 -1e-06
0.000117939 95851.8 -1.08644e-05 4.54815e-05 -2.23828 -1e-06
0.000118939 95466.2 -1.08628e-05 4.54818e-05 -2.18937 -1e-06
0.000119939 95060.8 -1.08612e-05 4.54821e-05 -2.14067 -1e-06
0.000120939 94636.2 -1.08596e-05 4.54825e-05 -2.09218 -1e-06
0.000121939 94193 -1.08581e-05 4.54828e-05 -2.04392 -1e-06
0.000122939 93732 -1.08565e-05 4.54831e-05 -1.9959 -1e-06
0.000123939 93253.6 -1.08549e-05 4.54834e-05 -1.94813 -1e-06
0.000124939 92758.5 -1.08533e-05 4.54837e-05 -1.90061 -1e-06
0.000125939 92247.4 -1.08517e-05 4.5484e-05 -1.85335 -1e-06
0.000126939 91720.8 -1.08501e-05 4.54844e-05 -1.80636 -1e-06
0.000127939 91179.4 -1.08485e-05 4.54847e-05 -1.75964 -1e-06
0.000128939 90623.7 -1.08469e-05 4.5485e-05 -1.71321 -1e-06
0.000129939 90054.4 -1.08453e-05 4.54853e-05 -1.66708 -1e-06
0.000130939 89472 -1.08437e-05 4.54856e-05 -1.62124 -1e-06
0.000131939 88877.2 -1.08421e-05 4.5486e-05 -1.5757 -1e-06
0.000132939 88270.5 -1.08405e-05 4.54863e-05 -1.53048 -1e-06
0.000133939 87652.6 -1.08389e-05 4.54866e-05 -1.48557 -1e-06
0.000134939 87023.9 -1.08373e-05 4.54869e-05 -1.44099 -1e-06
0.000135939 86385.1 -1.08357e-05 4.54873e-05 -1.39673 -1e-06
0.000136939 85736.6 -1.08341e-05 4.54876e-05 -1.35281 -1e-06
0.000137939 85079.1 -1.08326e-05 4.54879e-05 -1.30922 -1e-06
0.000138939 84413.1 -1.0831e-05 4.54882e-05 -1.26597 -1e-06
0.000139939 83739.1 -1.08294e-05 4.54886e-05 -1.22307 -1e-06
0.000140939 83057.6 -1.08278e-05 4.54889e-05 -1.18051 -1e-06
0.000141939 82369.2 -1.08262e-05 4.54892e-05 -1.13831 -1e-06
0.000142939 81674.2 -1.08246e-05 4.54896e-05 -1.09647 -1e-06
0.000143939 80973.3 -1.0823e-05 4.54899e-05 -1.05498 -1e-06
0.000144939 80266.9 -1.08214e-05 4.54902e-05 -1.01386 -1e-06
0.000145939 79555.5 -1.08198e-05 4.54906e-05 -0.973099 -1e-06
0.000146939 78839.5 -1.08182e-05 4.54909e-05 -0.932706 -1e-06
0.000147939 78119.3 -1.08166e-05 4.54912e-05 -0.892681 -1e-06
0.000148939 77395.5 -1.0815e-05 4.54916e-05 -0.853028 -1e-06
0.000149939 76668.4 -1.08134e-05 4.54919e-05 -0.813747 -1e-06
0.000150939 75938.4 -1.08119e-05 4.54922e-05 -0.77484 -1e-06
0.000151939 75206 -1.08103e-05 4.54926e-05 -0.736308 -1e-06
0.000152939 74471.5 -1.08087e-05 4.54929e-05 -0.698152 -1e-06
0.000153939 73735.4 -1.08071e-05 4.54932e-05 -0.660373 -1e-06
0.000154939 72997.9 -1.08055e-05 4.54936e-05 -0.622972 -1e-06
0.000155939 72259.5 -1.08039e-05 4.54939e-05 -0.585949 -1e-06
0.000156939 71520.5 -1.08023e-05 4.54943e-05 -0.549305 -1e-06
0.000157939 70781.2 -1.08007e-05 4.54946e-05 -0.513039 -1e-06
0.000158939 70042 -1.07991e-05 4.54949e-05 -0.477152 -1e-06
0.000159939 69303.1 -1.07975e-05 4.54953e-05 -0.441643 -1e-06
0.000160939 68565 -1.07959e-05 4.54956e-05 -0.406512 -1e-06
0.000161939 67827.8 -1.07944e-05 4.5496e-05 -0.371759 -1e-06
0.000162939 67091.9 -1.07928e-05 4.54963e-05 -0.337383 -1e-06
0.000163939 66357.5 -1.07912e-05 4.54966e-05 -0.303383 -1e-06
0.000164939 65624.9 -1.07896e-05 4.5497e-05 -0.269758 -1e-06
0.000165939 64894.3 -1.0788e-05 4.54973e-05 -0.236507 -1e-06
0.000166939 64166.1 -1.07864e-05 4.54977e-05 -0.203629 -1e-06
0.000167939 63440.4 -1.07848e-05 4.5498e-05 -0.171123 -1e-06
0.000168939 62717.4 -1.07832e-05 4.54984e-05 -0.138988 -1e-06
0.000169939 61997.4 -1.07816e-05 4.54987e-05 -0.10722 -1e-06
0.000170939 61280.6 -1.078e-05 4.5499e-05 -0.0758206 -1e-06
0.000171939 60567.2 -1.07784e-05 4.54994e-05 -0.0447861 -1e-06
0.000172939 59857.3 -1.07769e-05 4.54997e-05 -0.0141151 -1e-06
0.000173939 59151.2 -1.07753e-05 4.55001e-05 0.0161941 -1e-06
0.000174939 58448.9 -1.07737e-05 4.55004e-05 0.0461438 -1e-06
0.000175939 57750.8 -1.07721e-05 4.55008e-05 0.0757358 -1e-06
0.000176939 57056.9 -1.07705e-05 4.55011e-05 0.104972 -1e-06
0.000177939 56367.3 -1.07689e-05 4.55014e-05 0.133856 -1e-06
0.000178939 55682.3 -1.07673e-05 4.55018e-05 0.162389 -1e-06
0.000179939 55001.9 -1.07657e-05 4.55021e-05 0.190573 -1e-06
0.000180939 54326.3 -1.07641e-05 4.55025e-05 0.218411 -1e-06
0.000181939 53655.6 -1.07625e-05 4.55028e-05 0.245906 -1e-06
0.000182939 52989.9 -1.0761e-05 4.55032e-05 0.273059 -1e-06
0.000183939 52329.2 -1.07594e-05 4.55035e-05 0.299875 -1e-06
0.000184939 51673.8 -1.07578e-05 4.55039e-05 0.326354 -1e-06
0.000185939 51023.6 -1.07562e-05 4.55042e-05 0.352501 -1e-06
0.000186939 50378.8 -1.07546e-05 4.55045e-05 0.378317 -1e-06
0.000187939 49739.5 -1.0753e-05 4.55049e-05 0.403806 -1e-06
0.000188939 49105.6 -1.07514e-05 4.55052e-05 0.428971 -1e-06
0.000189939 48477.4 -1.07498e-05 4.55056e-05 0.453813 -1e-06
0.000190939 47854.8 -1.07482e-05 4.55059e-05 0.478337 -1e-06
0.000191939 47237.9 -1.07466e-05 4.55063e-05 0.502544 -1e-06
0.000192939 46626.7 -1.07451e-05 4.55066e-05 0.526439 -1e-06
0.000193939 46021.3 -1.07435e-05 4.5507e-05 0.550024 -1e-06
0.000194939 45421.8 -1.07419e-05 4.55073e-05 0.573301 -1e-06
0.000195939 44828.1 -1.07403e-05 4.55076e-05 0.596275 -1e-06
0.000196939 44240.3 -1.07387e-05 4.5508e-05 0.618947 -1e-06
0.000197939 43658.4 -1.07371e-05 4.55083e-05 0.641322 -1e-06
0.000198939 43082.5 -1.07355e-05 4.55087e-05 0.663401 -1e-06
0.000199939 42512.5 -1.07339e-05 4.5509e-05 0.685189 -1e-06
0.000200939 41948.5 -1.07323e-05 4.55094e-05 0.706688 -1e-06
0.000201939 41390.5 -1.07307e-05 4.55097e-05 0.727901 -1e-06
0.000202939 40838.5 -1.07292e-05 4.551e-05 0.748831 -1e-06
0.000203939 40292.5 -1.07276e-05 4.55104e-05 0.769481 -1e-06
0.000204939 39752.5 -1.0726e-05 4.55107e-05 0.789855 -1e-06
0.000205939 39218.4 -1.07244e-05 4.55111e-05 0.809956 -1e-06
0.000206939 38690.4 -1.07228e-05 4.55114e-05 0.829786 -1e-06
0.000207939 38168.3 -1.07212e-05 4.55118e-05 0.849349 -1e-06
0.000208939 37652.2 -1.07196e-05 4.55121e-05 0.868647 -1e-06
0.000209939 37142.1 -1.0718e-05 4.55124e-05 0.887684 -1e-06
0.000210939 36637.9 -1.07164e-05 4.55128e-05 0.906463 -1e-06
0.000211939 36139.6 -1.07148e-05 4.55131e-05 0.924986 -1e-06
0.000212939 35647.2 -1.07132e-05 4.55135e-05 0.943258 -1e-06
0.000213939 35160.7 -1.07117e-05 4.55138e-05 0.96128 -1e-06
0.000214939 34680 -1.07101e-05 4.55141e-05 0.979056 -1e-06
0.000215939 34205.1 -1.07085e-05 4.55145e-05 0.996589 -1e-06
0.000216939 33736 -1.07069e-05 4.55148e-05 1.01388 -1e-06
0.000217939 33272.7 -1.07053e-05 4.55151e-05 1.03094 -1e-06
0.000218939 32815.1 -1.07037e-05 4.55155e-05 1.04776 -1e-06
0.000219939 32363.1 -1.07021e-05 4.55158e-05 1.06435 -1e-06
0.000220939 31916.9 -1.07005e-05 4.55161e-05 1.08071 -1e-06
0.000221939 31476.2 -1.06989e-05 4.55165e-05 1.09684 -1e-06
0.000222939 31041.1 -1.06973e-05 4.55168e-05 1.11276 -1e-06
0.000223939 30611.6 -1.06957e-05 4.55171e-05 1.12845 -1e-06
0.000224939 30187.5 -1.06941e-05 4.55175e-05 1.14392 -1e-06
0.000225939 29768.9 -1.06926e-05 4.55178e-05 1.15918 -1e-06
0.000226939 29355.7 -1.0691e-05 4.55181e-05 1.17423 -1e-06
0.000227939 28947.9 -1.06894e-05 4.55185e-05 1.18907 -1e-06
0.000228939 28545.3 -1.06878e-05 4.55188e-05 1.20371 -1e-06
0.000229939 28148.1 -1.06862e-05 4.55191e-05 1.21814 -1e-06
0.000230939 27756.1 -1.06846e-05 4.55194e-05 1.23237 -1e-06
0.000231939 27369.2 -1.0683e-05 4.55198e-05 1.2464 -1e-06
0.000232939 26987.5 -1.06814e-05 4.55201e-05 1.26024 -1e-06
0.000233939 26610.8 -1.06798e-05 4.55204e-05 1.27388 -1e-06
0.000234939 26239.2 -1.06782e-05 4.55207e-05 1.28733 -1e-06
0.000235939 25872.6 -1.06766e-05 4.55211e-05 1.3006 -1e-06
0.000236939 25510.9 -1.0675e-05 4.55214e-05 1.31368 -1e-06
0.000237939 25154.1 -1.06734e-05 4.55217e-05 1.32658 -1e-06
0.000238939 24802.1 -1.06718e-05 4.5522e-05 1.33929 -1e-06
0.000239939 24454.9 -1.06702e-05 4.55223e-05 1.35183 -1e-06
0.000240939 24112.5 -1.06686e-05 4.55227e-05 1.3642 -1e-06
0.000241939 23774.7 -1.0667e-05 4.5523e-05 1.37639 -1e-06
0.000242939 23441.5 -1.06655e-05 4.55233e-05 1.38841 -1e-06
0.000243939 23112.9 -1.06639e-05 4.55236e-05 1.40026 -1e-06
0.000244939 22788.8 -1.06623e-05 4.55239e-05 1.41194 -1e-06
0.000245939 22469.2 -1.06607e-05 4.55242e-05 1.42347 -1e-06
0.000246939 22154.1 -1.06591e-05 4.55245e-05 1.43483 -1e-06
0.000247939 21843.2 -1.06575e-05 4.55248e-05 1.44603 -1e-06
0.000248939 21536.7 -1.06559e-05 4.55252e-05 1.45707 -1e-06
0.000249939 21234.5 -1.06543e-05 4.55255e-05 1.46796 -1e-06
0.000250939 20936.5 -1.06527e-05 4.55258e-05 1.4787 -1e-06
0.000251939 20642.6 -1.06511e-05 4.55261e-05 1.48929 -1e-06
0.000252939 20352.9 -1.06495e-05 4.55264e-05 1.49973 -1e-06
0.000253939 20067.2 -1.06479e-05 4.55267e-05 1.51002 -1e-06
0.000254939 19785.6 -1.06463e-05 4.5527e-05 1.52017 -1e-06
0.000255939 19507.8 -1.06447e-05 4.55273e-05 1.53017 -1e-06
0.000256939 19234 -1.06431e-05 4.55276e-05 1.54004 -1e-06
0.000257939 18964.1 -1.06415e-05 4.55279e-05 1.54976 -1e-06
0.000258939 18697.9 -1.06399e-05 4.55282e-05 1.55935 -1e-06
0.000259939 18435.6 -1.06383e-05 4.55285e-05 1.56881 -1e-06
0.000260939 18176.9 -1.06367e-05 4.55288e-05 1.57813 -1e-06
0.000261939 17921.9 -1.06351e-05 4.5529e-05 1.58733 -1e-06
0.000262939 17670.5 -1.06335e-05 4.55293e-05 1.59639 -1e-06
0.000263939 17422.7 -1.06319e-05 4.55296e-05 1.60533 -1e-06
0.000264939 17178.3 -1.06303e-05 4.55299e-05 1.61414 -1e-06
0.000265939 16937.5 -1.06287e-05 4.55302e-05 1.62283 -1e-06
0.000266939 16700.1 -1.06271e-05 4.55305e-05 1.6314 -1e-06
0.000267939 16466 -1.06255e-05 4.55308e-05 1.63985 -1e-06
0.000268939 16235.3 -1.06239e-05 4.5531e-05 1.64818 -1e-06
0.000269939 16007.9 -1.06223e-05 4.55313e-05 1.65639 -1e-06
0.000270939 15783.7 -1.06207e-05 4.55316e-05 1.66449 -1e-06
0.000271939 15562.7 -1.06191e-05 4.55319e-05 1.67247 -1e-06
0.000272939 15344.8 -1.06175e-05 4.55321e-05 1.68035 -1e-06
0.000273939 15130.1 -1.06159e-05 4.55324e-05 1.68811 -1e-06
0.000274939 14918.4 -1.06143e-05 4.55327e-05 1.69576 -1e-06
0.000275939 14709.7 -1.06127e-05 4.55329e-05 1.70331 -1e-06
0.000276939 14504 -1.06111e-05 4.55332e-05 1.71075 -1e-06
0.000277939 14301.3 -1.06094e-05 4.55335e-05 1.71809 -1e-06
0.000278939 14101.4 -1.06078e-05 4.55337e-05 1.72533 -1e-06
0.000279939 13904.4 -1.06062e-05 4.5534e-05 1.73247 -1e-06
0.000280939 13710.2 -1.06046e-05 4.55343e-05 1.7395 -1e-06
0.000281939 13518.7 -1.0603e-05 4.55345e-05 1.74644 -1e-06
0.000282939 13330 -1.06014e-05 4.55348e-05 1.75328 -1e-06
0.000283939 13144 -1.05998e-05 4.5535e-05 1.76003 -1e-06
0.000284939 12960.6 -1.05982e-05 4.55353e-05 1.76668 -1e-06
0.000285939 12779.8 -1.05966e-05 4.55355e-05 1.77324 -1e-06
0.000286939 12601.6 -1.0595e-05 4.55358e-05 1.77971 -1e-06
0.000287939 12425.9 -1.05934e-05 4.5536e-05 1.78609 -1e-06
0.000288939 12252.7 -1.05918e-05 4.55362e-05 1.79238 -1e-06
0.000289939 12082 -1.05902e-05 4.55365e-05 1.79858 -1e-06
0.000290939 11913.7 -1.05885e-05 4.55367e-05 1.80469 -1e-06
0.000291939 11747.8 -1.05869e-05 4.55369e-05 1.81073 -1e-06
0.000292939 11584.3 -1.05853e-05 4.55372e-05 1.81667 -1e-06
0.000293939 11423 -1.05837e-05 4.55374e-05 1.82254 -1e-06
0.000294939 11264 -1.05821e-05 4.55376e-05 1.82832 -1e-06
0.000295939 11107.3 -1.05805e-05 4.55379e-05 1.83402 -1e-06
0.000296939 10952.8 -1.05789e-05 4.55381e-05 1.83965 -1e-06
0.000297939 10800.5 -1.05773e-05 4.55383e-05 1.84519 -1e-06
0.000298939 10650.3 -1.05756e-05 4.55385e-05 1.85066 -1e-06
0.000299939 10502.3 -1.0574e-05 4.55387e-05 1.85606 -1e-06
0.000300939 10356.3 -1.05724e-05 4.55389e-05 1.86137 -1e-06
0.000301939 10212.4 -1.05708e-05 4.55391e-05 1.86662 -1e-06
0.000302939 10070.5 -1.05692e-05 4.55393e-05 1.87179 -1e-06
0.000303939 9930.55 -1.05676e-05 4.55395e-05 1.87689 -1e-06
0.000304939 9792.6 -1.05659e-05 4.55397e-05 1.88192 -1e-06
0.000305939 9656.57 -1.05643e-05 4.55399e-05 1.88688 -1e-06
0.000306939 9522.44 -1.05627e-05 4.55401e-05 1.89177 -1e-06
0.000307939 9390.19 -1.05611e-05 4.55403e-05 1.8966 -1e-06
0.000308939 9259.77 -1.05595e-05 4.55405e-05 1.90135 -1e-06
0.000309939 9131.17 -1.05578e-05 4.55407e-05 1.90605 -1e-06
0.000310939 9004.36 -1.05562e-05 4.55409e-05 1.91067 -1e-06
0.000311939 8879.3 -1.05546e-05 4.5541e-05 1.91523 -1e-06
0.000312939 8755.98 -1.0553e-05 4.55412e-05 1.91973 -1e-06
0.000313939 8634.37 -1.05514e-05 4.55414e-05 1.92417 -1e-06
0.000314939 8514.43 -1.05497e-05 4.55415e-05 1.92854 -1e-06
0.000315939 8396.14 -1.05481e-05 4.55417e-05 1.93286 -1e-06
0.000316939 8279.49 -1.05465e-05 4.55419e-05 1.93711 -1e-06
0.000317939 8164.43 -1.05449e-05 4.5542e-05 1.94131 -1e-06
0.000318939 8050.96 -1.05432e-05 4.55422e-05 1.94545 -1e-06
0.000319939 7939.04 -1.05416e-05 4.55423e-05 1.94953 -1e-06
0.000320939 7828.64 -1.054e-05 4.55425e-05 1.95355 -1e-06
0.000321939 7719.76 -1.05383e-05 4.55426e-05 1.95752 -1e-06
0.000322939 7612.36 -1.05367e-05 4.55427e-05 1.96143 -1e-06
0.000323939 7506.41 -1.05351e-05 4.55429e-05 1.96529 -1e-06
0.000324939 7401.91 -1.05335e-05 4.5543e-05 1.9691 -1e-06
0.000325939 7298.82 -1.05318e-05 4.55431e-05 1.97285 -1e-06
0.000326939 7197.12 -1.05302e-05 4.55432e-05 1.97655 -1e-06
0.000327939 7096.79 -1.05286e-05 4.55433e-05 1.9802 -1e-06
0.000328939 6997.82 -1.05269e-05 4.55435e-05 1.9838 -1e-06
0.000329939 6900.18 -1.05253e-05 4.55436e-05 1.98735 -1e-06
0.000330939 6803.84 -1.05236e-05 4.55437e-05 1.99084 -1e-06
0.000331939 6708.79 -1.0522e-05 4.55438e-05 1.99429 -1e-06
0.000332939 6615.01 -1.05204e-05 4.55439e-05 1.9977 -1e-06
0.000333939 6522.49 -1.05187e-05 4.55439e-05 2.00105 -1e-06
0.000334939 6431.19 -1.05171e-05 4.5544e-05 2.00436 -1e-06
0.000335939 6341.1 -1.05155e-05 4.55441e-05 2.00762 -1e-06
0.000336939 6252.2 -1.05138e-05 4.55442e-05 2.01084 -1e-06
0.000337939 6164.48 -1.05122e-05 4.55442e-05 2.01401 -1e-06
0.000338939 6077.91 -1.05105e-05 4.55443e-05 2.01714 -1e-06
0.000339939 5992.48 -1.05089e-05 4.55444e-05 2.02022 -1e-06
0.000340939 5908.17 -1.05072e-05 4.55444e-05 2.02326 -1e-06
0.000341939 5824.97 -1.05056e-05 4.55444e-05 2.02626 -1e-06
0.000342939 5742.84 -1.05039e-05 4.55445e-05 2.02921 -1e-06
0.000343939 5661.79 -1.05023e-05 4.55445e-05 2.03213 -1e-06
0.000344939 5581.79 -1.05006e-05 4.55445e-05 2.035 -1e-06
0.000345939 5502.83 -1.0499e-05 4.55446e-05 2.03783 -1e-06
0.000346939 5424.88 -1.04973e-05 4.55446e-05 2.04063 -1e-06
0.000347939 5347.94 -1.04957e-05 4.55446e-05 2.04338 -1e-06
0.000348939 5271.99 -1.0494e-05 4.55446e-05 2.0461 -1e-06
0.000349939 5197.02 -1.04924e-05 4.55446e-05 2.04877 -1e-06
0.000350939 5123 -1.04907e-05 4.55446e-05 2.05141 -1e-06
0.000351939 5049.93 -1.04891e-05 4.55446e-05 2.05401 -1e-06
0.000352939 4977.78 -1.04874e-05 4.55445e-05 2.05657 -1e-06
0.000353939 4906.55 -1.04857e-05 4.55445e-05 2.0591 -1e-06
0.000354939 4836.22 -1.04841e-05 4.55445e-05 2.06159 -1e-06
0.000355939 4766.78 -1.04824e-05 4.55444e-05 2.06405 -1e-06
0.000356939 4698.22 -1.04807e-05 4.55444e-05 2.06647 -1e-06
0.000357939 4630.51 -1.04791e-05 4.55443e-05 2.06886 -1e-06
0.000358939 4563.65 -1.04774e-05 4.55442e-05 2.07121 -1e-06
0.000359939 4497.63 -1.04757e-05 4.55441e-05 2.07352 -1e-06
0.000360939 4432.42 -1.04741e-05 4.5544e-05 2.07581 -1e-06
0.000361939 4368.03 -1.04724e-05 4.5544e-05 2.07806 -1e-06
0.000362939 4304.43 -1.04707e-05 4.55438e-05 2.08028 -1e-06
0.000363939 4241.62 -1.0469e-05 4.55437e-05 2.08247 -1e-06
0.000364939 4179.58 -1.04674e-05 4.55436e-05 2.08462 -1e-06
0.000365939 4118.3 -1.04657e-05 4.55435e-05 2.08675 -1e-06
0.000366939 4057.77 -1.0464e-05 4.55433e-05 2.08884 -1e-06
0.000367939 3997.98 -1.04623e-05 4.55432e-05 2.0909 -1e-06
0.000368939 3938.92 -1.04606e-05 4.5543e-05 2.09293 -1e-06
0.000369939 3880.57 -1.0459e-05 4.55428e-05 2.09493 -1e-06
0.000370939 3822.93 -1.04573e-05 4.55427e-05 2.09691 -1e-06
0.000371939 3765.98 -1.04556e-05 4.55425e-05 2.09885 -1e-06
0.000372939 3709.72 -1.04539e-05 4.55423e-05 2.10076 -1e-06
0.000373939 3654.13 -1.04522e-05 4.5542e-05 2.10265 -1e-06
0.000374939 3599.21 -1.04505e-05 4.55418e-05 2.10451 -1e-06
0.000375939 3544.94 -1.04488e-05 4.55416e-05 2.10634 -1e-06
0.000376939 3491.31 -1.04471e-05 4.55413e-05 2.10814 -1e-06
0.000377939 3438.32 -1.04454e-05 4.5541e-05 2.10991 -1e-06
0.000378939 3385.96 -1.04437e-05 4.55408e-05 2.11166 -1e-06
0.000379939 3334.21 -1.0442e-05 4.55405e-05 2.11339 -1e-06
0.000380939 3283.07 -1.04402e-05 4.55402e-05 2.11508 -1e-06
0.000381939 3232.53 -1.04385e-05 4.55398e-05 2.11675 -1e-06
0.000382939 3182.57 -1.04368e-05 4.55395e-05 2.1184 -1e-06
0.000383939 3133.2 -1.04351e-05 4.55392e-05 2.12001 -1e-06
0.000384939 3084.4 -1.04334e-05 4.55388e-05 2.12161 -1e-06
0.000385939 3036.17 -1.04316e-05 4.55384e-05 2.12318 -1e-06
0.000386939 2988.49 -1.04299e-05 4.5538e-05 2.12472 -1e-06
0.000387939 2941.36 -1.04282e-05 4.55376e-05 2.12624 -1e-06
0.000388939 2894.77 -1.04264e-05 4.55372e-05 2.12774 -1e-06
0.000389939 2848.72 -1.04247e-05 4.55367e-05 2.12921 -1e-06
0.000390939 2803.19 -1.0423e-05 4.55363e-05 2.13066 -1e-06
0.000391939 2758.17 -1.04212e-05 4.55358e-05 2.13209 -1e-06
0.000392939 2713.67 -1.04195e-05 4.55353e-05 2.1335 -1e-06
0.000393939 2669.67 -1.04177e-05 4.55347e-05 2.13488 -1e-06
0.000394939 2626.16 -1.0416e-05 4.55342e-05 2.13624 -1e-06
0.000395939 2583.15 -1.04142e-05 4.55336e-05 2.13757 -1e-06
0.000396939 2540.61 -1.04124e-05 4.5533e-05 2.13889 -1e-06
0.000397939 2498.56 -1.04107e-05 4.55324e-05 2.14018 -1e-06
0.000398939 2456.97 -1.04089e-05 4.55318e-05 2.14146 -1e-06
0.000399939 2415.84 -1.04071e-05 4.55311e-05 2.14271 -1e-06
0.000400939 2375.17 -1.04053e-05 4.55304e-05 2.14394 -1e-06
0.000401939 2334.96 -1.04035e-05 4.55297e-05 2.14515 -1e-06
0.000402939 2295.18 -1.04017e-05 4.5529e-05 2.14634 -1e-06
0.000403939 2255.85 -1.03999e-05 4.55282e-05 2.14751 -1e-06
0.000404939 2216.94 -1.03981e-05 4.55274e-05 2.14866 -1e-06
0.000405939 2178.47 -1.03963e-05 4.55266e-05 2.14979 -1e-06
0.000406939 2140.41 -1.03945e-05 4.55258e-05 2.1509 -1e-06
0.000407939 2102.77 -1.03927e-05 4.55249e-05 2.15199 -1e-06
0.000408939 2065.54 -1.03909e-05 4.5524e-05 2.15306 -1e-06
0.000409939 2028.72 -1.0389e-05 4.5523e-05 2.15412 -1e-06
0.000410939 1992.29 -1.03872e-05 4.5522e-05 2.15515 -1e-06
0.000411939 1956.26 -1.03853e-05 4.5521e-05 2.15617 -1e-06
0.000412939 1920.62 -1.03835e-05 4.55199e-05 2.15717 -1e-06
0.000413939 1885.37 -1.03816e-05 4.55189e-05 2.15815 -1e-06
0.000414939 1850.5 -1.03798e-05 4.55177e-05 2.15911 -1e-06
0.000415939 1816 -1.03779e-05 4.55165e-05 2.16005 -1e-06
0.000416939 1781.87 -1.0376e-05 4.55153e-05 2.16098 -1e-06
0.000417939 1748.11 -1.03741e-05 4.5514e-05 2.16189 -1e-06
0.000418939 1714.72 -1.03722e-05 4.55127e-05 2.16278 -1e-06
0.000419939 1681.68 -1.03703e-05 4.55114e-05 2.16366 -1e-06
0.000420939 1649 -1.03684e-05 4.55099e-05 2.16452 -1e-06
0.000421939 1616.67 -1.03664e-05 4.55085e-05 2.16536 -1e-06
0.000422939 1584.68 -1.03645e-05 4.55069e-05 2.16618 -1e-06
0.000423939 1553.04 -1.03625e-05 4.55054e-05 2.16699 -1e-06
0.000424939 1521.73 -1.03606e-05 4.55037e-05 2.16779 -1e-06
0.000425939 1490.76 -1.03586e-05 4.5502e-05 2.16857 -1e-06
0.000426939 1460.13 -1.03566e-05 4.55002e-05 2.16933 -1e-06
0.000427939 1429.82 -1.03546e-05 4.54984e-05 2.17007 -1e-06
0.000428939 1399.84 -1.03526e-05 4.54965e-05 2.17081 -1e-06
0.000429939 1370.18 -1.03506e-05 4.54945e-05 2.17152 -1e-06
0.000430939 1340.83 -1.03485e-05 4.54924e-05 2.17222 -1e-06
0.000431939 1311.81 -1.03465e-05 4.54902e-05 2.17291 -1e-06
0.000432939 1283.1 -1.03444e-05 4.5488e-05 2.17358 -1e-06
0.000433939 1254.69 -1.03423e-05 4.54857e-05 2.17424 -1e-06
0.000434939 1226.6 -1.03402e-05 4.54832e-05 2.17488 -1e-06
0.000435939 1198.81 -1.03381e-05 4.54807e-05 2.17551 -1e-06
0.000436939 1171.32 -1.03359e-05 4.54781e-05 2.17612 -1e-06
0.000437939 1144.14 -1.03337e-05 4.54753e-05 2.17672 -1e-06
0.000438939 1117.25 -1.03316e-05 4.54725e-05 2.17731 -1e-06
0.000439939 1090.65 -1.03293e-05 4.54695e-05 2.17788 -1e-06
0.000440939 1064.35 -1.03271e-05 4.54664e-05 2.17844 -1e-06
0.000441939 1038.34 -1.03248e-05 4.54631e-05 2.17899 -1e-06
0.000442939 1012.62 -1.03225e-05 4.54597e-05 2.17952 -1e-06
0.000443939 987.186 -1.03202e-05 4.54562e-05 2.18004 -1e-06
0.000444939 962.039 -1.03179e-05 4.54525e-05 2.18055 -1e-06
0.000445939 937.175 -1.03155e-05 4.54486e-05 2.18104 -1e-06
0.000446939 912.594 -1.03131e-05 4.54445e-05 2.18153 -1e-06
0.000447939 888.294 -1.03106e-05 4.54403e-05 2.18199 -1e-06
0.000448939 864.273 -1.03081e-05 4.54358e-05 2.18245 -1e-06
0.000449939 840.531 -1.03056e-05 4.54312e-05 2.1829 -1e-06
0.000450939 817.066 -1.0303e-05 4.54263e-05 2.18333 -1e-06
0.000451939 793.878 -1.03004e-05 4.54211e-05 2.18375 -1e-06
0.000452939 770.965 -1.02978e-05 4.54157e-05 2.18416 -1e-06
0.000453939 748.327 -1.0295e-05 4.541e-05 2.18456 -1e-06
0.000454939 725.962 -1.02923e-05 4.5404e-05 2.18494 -1e-06
0.000456143 699.403 -1.02888e-05 4.53964e-05 2.18539 -1.20388e-06
0.000457347 673.239 -1.02853e-05 4.53882e-05 2.18582 -1.20388e-06
0.000458551 647.469 -1.02817e-05 4.53796e-05 2.18624 -1.20388e-06
0.000459755 622.095 -1.0278e-05 4.53703e-05 2.18664 -1.20388e-06
0.000460959 597.115 -1.02741e-05 4.53603e-05 2.18703 -1.20388e-06
0.000462163 572.529 -1.02702e-05 4.53496e-05 2.1874 -1.20388e-06
0.000463366 548.34 -1.0266e-05 4.53382e-05 2.18775 -1.20388e-06
0.00046457 524.546 -1.02617e-05 4.53258e-05 2.18809 -1.20388e-06
0.000465774 501.151 -1.02573e-05 4.53125e-05 2.18842 -1.20388e-06
0.000466978 478.154 -1.02526e-05 4.52982e-05 2.18873 -1.20388e-06
0.000468182 455.559 -1.02477e-05 4.52826e-05 2.18903 -1.20388e-06
0.000469386 433.367 -1.02426e-05 4.52657e-05 2.18931 -1.20388e-06
0.00047059 411.582 -1.02372e-05 4.52473e-05 2.18959 -1.20388e-06
0.000471794 390.206 -1.02315e-05 4.52272e-05 2.18984 -1.20388e-06
0.000472998 369.242 -1.02255e-05 4.52053e-05 2.19009 -1.20388e-06
0.000474201 348.695 -1.0219e-05 4.51812e-05 2.19032 -1.20388e-06
0.000475405 328.569 -1.02121e-05 4.51546e-05 2.19054 -1.20388e-06
0.000476609 308.869 -1.02048e-05 4.51253e-05 2.19075 -1.20388e-06
0.000477813 289.602 -1.01968e-05 4.50927e-05 2.19094 -1.20388e-06
0.000479017 270.772 -1.01882e-05 4.50565e-05 2.19113 -1.20388e-06
0.000480221 252.387 -1.01788e-05 4.50159e-05 2.1913 -1.20388e-06
0.000481677 230.747 -1.01662e-05 4.49599e-05 2.19149 -1.4567e-06
0.000483134 209.786 -1.0152e-05 4.48949e-05 2.19167 -1.4567e-06
0.000484591 189.519 -1.01359e-05 4.48186e-05 2.19183 -1.4567e-06
0.000486048 169.968 -1.01174e-05 4.47283e-05 2.19198 -1.4567e-06
0.000487504 151.153 -1.00958e-05 4.46202e-05 2.19212 -1.4567e-06
0.000488961 133.101 -1.00705e-05 4.4489e-05 2.19224 -1.4567e-06
0.000490418 115.842 -1.00402e-05 4.43276e-05 2.19234 -1.4567e-06
0.000491874 99.4092 -1.00036e-05 4.41255e-05 2.19244 -1.4567e-06
0.000493331 83.844 -9.95848e-06 4.38676e-05 2.19252 -1.4567e-06
0.000494788 69.1943 -9.9021e-06 4.35312e-05 2.19259 -1.4567e-06
0.000496583 52.4895 -9.80955e-06 4.29478e-05 2.19267 -1.79497e-06
0.000498378 37.4042 -9.68222e-06 4.20733e-05 2.19273 -1.79497e-06
0.000500173 24.1312 -9.50365e-06 4.06884e-05 2.19278 -1.79497e-06
0.000501968 12.9599 -9.25355e-06 3.83836e-05 2.19281 -1.79497e-06
0.000504249 2.6531 -8.79068e-06 3.28082e-05 2.19285 -2.28167e-06
0.000506531 0 -8.26329e-06 2.58412e-05 2.19288 -2.28167e-06
General stats regarding discrete updates:
Number of time steps taken (simulator stats) = 499
Simulator publishes every time step: false
Number of publishes = 1
Number of discrete updates = 0
Number of "unrestricted" updates = 0

Stats for integrator ImplicitEulerIntegrator with error control:
Number of time steps taken (integrator stats) = 499
Initial time step taken =      1e-06 s
Largest time step taken = 2.28167e-06 s
Smallest adapted step size = 3.8147e-09 s
Number of steps shrunk due to error control = 2
Number of steps shrunk due to convergence-based failure = 21
Number of convergence-based step failures (should match) = 21
Implicit Integrator Statistics (integrator, error estimator, total):
Number of Derivative Evaluations = 24222, 22560, 46782
Number of Jacobian Computations = 1580, 1504, 3084
Number of Derivative Evaluations for Jacobians = 22120, 21056, 43176
Number of Iteration Matrix Factorizations = 1580, 1504, 3084
Number of Newton-Raphson Iterations = 1580, 1504, 3084
